짝수
8244580
8244620
8247066
8264736
10067566
8321392
8335728
8353648
8365526
8378398
8393736
8466746
8400048
8424554
8464934
8378408
8395038
8484612
8483788
10007240
10009358
10009506
10019638
10042768
10059320
10076054
10096054
8278692
8245166
8247306
8383762
8401628
8261328
8361756
8420510
10008142
10010096
10031952
10059604
10094960
8323134
8296824
8311742
8345230
8320260
8326784
8358446
8346500
8386218
8429668
8483064
8326380
8336898
8343976
8345950
8350864
8373230
8440046
8453090
8345040
8347000
8420418
8426048
8380070
8421772
8421780
8346116
8386228
8360344
8360364
8464812
10059000
8370676
8421922
8455140
8458034
8506402
8507258
8508748
8379620
8440938
8442064
8443046
8498166
8466708
10024986
10057004
8373432
8373520
8374048
8390084
8405342
8476732
8381714
8373860
8462928
8375600
8461720
8472092
8366048
8408966
8366514
8367822
8370066
8386374
10009310
8393180
8420720
10053792
8404994
8408960
8430682
8456512
8455116
8455122
8477902
8478854
8503854
8505454
8396788
8400308
10053304
8415160
8436656
8443550
8448246
8438796
8455012
8453210
8483870
8494662
8459746
8462544
8469700
8480822
8482750
8491620
10009330
10003712
10003716
10006648
8360496
8381330
8440504
8397584
8460158
8462634
8477390
8479912
10047788
10091916
10053930
8482888
8499774
10059876
10090214
10090224
10093160
10093162
8504224
8504370
10022802
10084196
10090330
10089570
홀수
8244587
8247287
8378447
8406501
8409599
8321549
8331567
8323225
8329299
8406231
8351469
8367147
8405957
8381605
8389965
8331287
8346367
8378079
8456137
8395043
8443389
8454549
8346935
8376079
8368735
8405373
10021979
10042461
10096925
10096081
10100881
8278899
8325707
8344867
8359149
8388175
8255957
8270431
8313069
10101965
8326729
8341101
8383767
10003965
10078771
10065571
10094895
8281457
8290979
8355187
8358167
8387681
8375767
8386239
8380759
8349579
8349291
8350463
8345955
8407421
8465879
8477521
8345557
8348173
8348551
8354071
8353855
8363467
8386843
8394019
8360389
8360357
8418453
8418521
8502511
10001579
8370715
8372115
8401237
8455041
8458095
8472331
8478151
10002287
8380809
8391755
8438599
8444219
8461239
8464211
8466699
8416935
8450441
8480013
8361521
8365453
8373509
8373669
8375667
8456325
8373703
8361727
8393129
8455983
8379007
8475793
8366519
8425399
8367825
8450513
8404073
8419865
10005599
8437441
8438367
8386503
8397203
8408837
8389305
8390749
8415155
8479483
8393269
8418025
8419861
8432573
8454155
10005011
8455393
8456591
8470351
10011813
8459755
8462553
8470525
8469911
8482053
8482833
8491629
10010159
10012563
8417107
8417269
8368891
8490107
8459377
8461761
8484293
8491201
10014973
10024213
8484531
10036431
10059503
10070807
10097833
10105083
10094605
8504219
8504239
8504655
8504375
10067499
10081821
10088829
10083629
10090371
10086111
