8244580
8244587
8244620
8247066
8264736
8378447
8403515
8406501
10067566
8409599
8321392
8331567
8323225
8329299
8406231
8353648
8365526
8367147
8389965
8331287
8346367
8378079
8378398
8393736
8466746
8400048
8424554
8464934
8378408
8395038
8443389
8376079
8405373
8483788
10007240
10009358
10009506
10019638
20008723
10021979
10042461
10042768
10059320
10076054
10096925
10096054
10096081
20008279
10100881
10107125
10109126
20018246
20060126
20104462
20146561
20115921
20135123
8278692
8278899
8245166
8401628
8255957
8261328
8270431
8313069
10101965
20006186
8326729
8341101
8361756
20081404
20101862
20137380
20081442
8383767
10003965
10008142
10010096
10078771
10031952
10059604
10065571
10094895
10094960
10106393
10112144
10106028
10112623
10115746
10116644
20010555
20013559
20029847
20043099
20137235
20146446
20045077
20045161
20117933
8323134
8281457
8290979
8296824
8311742
8326784
8355187
8358446
8375767
8380759
8350463
8373230
8407421
8440046
8345040
8345557
8348551
8354071
8353855
8363467
8420418
8426048
8380070
8360389
8386228
20177000
8360344
8360357
8360364
8418521
8464812
10001579
10059000
8370676
8372115
8421922
8458034
8506402
8507258
8508748
10002287
8379620
8442064
8443046
8464211
10024986
10057004
8416935
8361521
8373432
8373509
8373520
8373669
8375667
8374048
8390084
8405342
8476732
8381714
8361727
8393129
8366048
8379007
8366514
8366519
8425399
8367822
8367825
8370066
10009310
8393180
10053792
8404073
8404994
8419865
8430682
8438367
8503854
8505454
8386503
8408837
10053304
8389305
8390749
8436656
8443550
8448246
8393269
8418025
8419861
8453210
8483870
8456591
8470351
8494662
10011813
8462544
8469700
8482833
8491629
10009330
10003712
10003716
10006648
10010159
10012563
8360496
8381330
8417107
8417269
8368891
8459377
8460158
8461761
8462634
8477390
8479912
8484293
10014973
10024213
10047788
10091916
10053930
8482888
8499774
10036431
10059503
10070807
20086390
10090214
10090224
10097833
10093160
10093162
10105083
20005739
20005752
20048648
10108943
10108947
10110865
20008738
8504219
8504224
8504239
8504655
8504370
8504375
10022802
10067499
10081821
10088829
10083629
10084196
20098752
20171984
10090330
10086111
10089570
10105425
10105486
10107129
10107390
10108349
20006736
20012106
10111969
20004364
20013507
20006072
20069809
20074672
20079719
20085465
20092155
20091884
20102260
20112246
20118388
20119766
20109111
20109565
20109845
20109852
20109909
20110138
20114771
20113665
20113805
20115723
20118713
20120677
20132827
20132910
20133759
20118407
20109954
20129801
20110239
20162792
20111867
20113644
20120000
20162625
20171009
20180516
