8244580
8244587
8247066
8264736
8378447
8406501
10067566
8409599
8331287
8346367
8378398
8466746
8400048
8378408
8443389
8405373
8483788
10007240
10019638
10021979
10042461
10059320
10076054
10096925
10096054
10096081
8245166
8401628
8313069
10008142
8281457
8290979
8296824
8311742
8380759
8407421
8345040
8345557
8380070
8386228
8360344
8360357
8360364
8418521
10001579
10059000
8421922
8458034
8508748
8379620
8361521
8367822
8393180
8404073
8390749
8393269
8491629
8360496
8381330
8417107
8440504
8459377
8460158
8477390
8479912
10014973
10091916
8499774
10059503
10090214
10090224
10093160
10093162
10067499
10081821
10083629
10084196
10090330
10086111
10089570
