8244580
8244587
8244620
8247066
8247287
8403515
8406501
8409599
8321392
8331567
8323225
8329299
8335728
8406231
8353648
8365526
8367147
8389965
8378079
8393736
8456137
8400048
8424554
8464934
8395038
8376079
10007240
10009358
10009506
10019638
20008723
10021979
10042461
10042768
10076054
10096054
10096081
20008279
10100881
8278692
8278899
8401628
8270431
10101965
8326729
8341101
20081442
8383767
10003965
10010096
10078771
10031952
10065571
10094895
10094960
10112144
10106028
10112623
10115746
10116644
20010555
20045077
8323134
8281457
8290979
8296824
8311742
8326784
8355187
8358446
8346500
8375767
8350463
8373230
8407421
8440046
8453090
8477521
8348551
8354071
8353855
8363467
8420418
8426048
8380070
8394019
8360389
8386228
8464812
8502511
8370676
8372115
8421922
8455140
8472331
8506402
8507258
10002287
8442064
8443046
8498166
8464211
8466699
8466708
10024986
10057004
8416935
8361521
8373432
8373509
8373520
8373669
8375667
8374048
8390084
8405342
8476732
8381714
8361727
8393129
8462928
8375600
8461720
8366048
8379007
8408966
8366514
8366519
8425399
8367825
8370066
10009310
10053792
8404073
8404994
8419865
10005599
8430682
8438367
8455116
8455122
8503854
8505454
8386503
8408837
10053304
8389305
8436656
8443550
8448246
8479483
20019966
8393269
8418025
8419861
8453210
10005011
8483870
8456591
8470351
8494662
10011813
8462544
8470525
8469700
8469911
8482833
8491620
8491629
10009330
10003712
10003716
10006648
10010159
10012563
8360496
8381330
8417269
8368891
8397584
8490107
8460158
8461761
8462634
8484293
8491201
10024213
10047788
10091916
10053930
8482888
8484531
8499774
10036431
10059503
10090224
10097833
10093162
10105083
10108947
20008738
8504219
8504224
8504239
8504655
8504370
8504375
10022802
10083629
10090330
10086111
10107129
10107390
20077768
20079719
