8244580
8244587
8244620
8245166
8247066
8255957
8261328
8264736
8270431
8278692
8278899
8281457
8290979
8296824
8311742
8313069
8323134
8323225
8326729
8326784
8331287
8331567
8341101
8345040
8345557
8346367
8348551
8354071
8355187
8358446
8360344
8360357
8360364
8360389
8360496
8361521
8361756
8366048
8366514
8366519
8367147
8367822
8368891
8370676
8372115
8373432
8373669
8375667
8376079
8378398
8378408
8378447
8379620
8380070
8380759
8381330
8381714
8383767
8386228
8386503
8390749
8393180
8393269
8400048
8401628
8403515
8404073
8404994
8405342
8405373
8406501
8407421
8408837
8409599
8416935
8417107
8418521
8420418
8421922
8424554
8426048
8440046
8440504
8443389
8446019
8448246
8456591
8458034
8459377
8460158
8461761
8462634
8464211
8464812
8464934
8466746
8476732
8477390
8479331
8479912
8482888
8483788
8491629
8499774
8503854
8504219
8504370
8504375
8508748
10001579
10002287
10003712
10003965
10007240
10008142
10009330
10009358
10010096
10010159
10014973
10019638
10021979
10022802
10024213
10031952
10036431
10042461
10042768
10047788
10053304
10053792
10053930
10057004
10059000
10059320
10059503
10059604
10065571
10067499
10067566
10070807
10076054
10078771
10081821
10083629
10084196
10086111
10094895
10106028
10112623
20010555
20029847
20043099
20045077
20045161
20117933
20222197
20248715
40690670
20006186
10101965
20177000
20283384
20231355
20221875
10089570
10107129
20006072
20069809
20109111
20109565
20061437
20081404
20081442
10108943
10110865
10090214
20185327
20282138
20248348
20115921
10096054
10096081
10109126
10100881
10107125
20104462
20008723
20214014
20217972
10091916
10096925
10088829
10090330
10105425
10105486
10090224
10093160
20048648
10097833
10105083
10093162
20005739
20005752
10094897
10094960
10106393
10112144
20008279
20013507
10107390
10108349
10111969
10118163
20012106
20006736
10108947
20018246
20008738
20004364
10115746
10116644
20013559
20137235
20146446
20098752
20079719
20091884
20086390
20074672
20060126
20137380
20092155
20085465
20119766
20118388
20112246
20146561
20162625
20109954
20101862
20111867
20109845
20109852
20109909
20110138
20113665
20260461
20263306
20115714
20129801
20162792
20113644
20102260
20113805
20115723
20118407
20294829
20110239
20115721
20137458
20094004
20202978
20148999
20138196
20132827
20118713
20270750
20135123
20182739
20132910
20290270
20163098
20171009
20180516
20120677
20226042
20205146
20278162
20221877
20223973
20224153
20285623
20206788
20203110
20271448
20189378
20125681
20199324
20133759
20208224
20191947
20231333
20224516
20224675
20245394
20224709
20218425
20279632
20239311
20231165
20236386
20231368
20280925
20218903
20201047
30616192
20272728
