
10093162
20146561
20163098
8247066
8345040
8345557
8367822
8443389
8459377
10001579
10096081
20006736
20115714
20294829
20115721
20148999
20138196
20182739
10008142
10014973
10070807
10081821
20177000
20018246
20137235
20146446
20137380
20162625
20162792
20110239
20137458
20118713
20171009
8244580
8244587
8245166
8261328
8331287
8331567
8348551
8378408
8378447
10009358
10019638
20231355
20109111
20109565
20115921
10107125
10088829
10105425
20005739
20091884
20086390
20112246
20109954
20101862
20109845
20109852
20109909
20110138
20113665
20260461
20263306
20113644
20102260
20113805
20115723
20270750
20132910
20223973
20133759
20208224
20224709
20239311
20231165
20236386
20280925
8346367
8360344
8360357
8361756
8417107
8418521
8479912
8483788
20043099
20222197
20081404
10090214
20214014
20217972
10093160
10106393
20008279
20060126
20226042
20205146
20224153
20206788
20203110
20189378
20199324
20191947
20231333
20218425
20218903
20201047
10108349
20185327
