20334055
8244580
8244587
8247066
8261328
8264736
8270431
8245166
8244620
8281457
8255957
8278692
8311742
8313069
8323134
8278899
8296824
8290979
8323225
8326784
8326729
8345040
8331287
8331567
8341101
8345557
8346367
8358446
8360344
8348551
8354071
8360496
8361521
8355187
8360364
8360357
8366519
8361756
8367822
8366048
8370676
8366514
8373432
8367147
8376079
8368891
8372115
8375667
8378398
8379620
8378408
8378447
8380070
8380759
8381330
8386228
8386503
8381714
8383767
8390749
8393180
8393269
8401628
8403515
8405342
8405373
8404073
8407421
8400048
8404994
8416935
8406501
8408837
8409599
8421922
8426048
8417107
8418521
8440504
8446019
8443389
8420418
8440046
8459377
8460158
8448246
8462634
8464211
8456591
8464934
8466746
8477390
8458034
8479912
8461761
8464812
8479331
8482888
8483788
8491629
8504375
8508748
10001579
10002287
8499774
10003712
10007240
10008142
10009330
10009358
10003965
10014973
10019638
10010096
8503854
10024213
10031952
8504219
10042461
10042768
10047788
10053304
10022802
10021979
10036431
10053792
10053930
10057004
10059000
10059320
10059503
10059604
10070807
10065571
10078771
10081821
10083629
10067499
10067566
10076054
10088829
10089570
10084196
10086111
10090214
10090224
10090330
10091916
10093160
10093162
10094960
10096081
10094895
10094897
10100881
10096054
10096925
10097833
10101965
10105083
10105425
10105486
10106028
10106393
10107125
10107129
10107390
10108349
10108943
10108947
10109126
10110865
10111969
10112144
10112623
10115746
10116644
10118163
20004364
20005739
20005752
20006072
20006186
20006736
20008279
20008723
20008738
20010555
20012106
20013507
20013559
20018246
20045161
20045077
20060126
20061437
20043099
20029847
20048648
20081404
20081442
20085465
20069809
20091884
20074672
20079719
20098752
20086390
20102260
20104462
20109111
20092155
20094004
20101862
20109565
20109954
20110138
20110239
20111867
20109845
20113644
20113665
20113805
20115714
20115721
20115723
20115921
20117933
20109852
20109909
20112246
20119766
20120677
20118388
20129801
20132827
20132910
20133759
20118407
20137235
20137380
20137458
20138196
20118713
20125681
20135123
20162625
20162792
20163098
20171009
20146446
20180516
20182739
20185327
20146561
20191947
20199324
20201047
20202978
20203110
20205146
20206788
20148999
20214014
20217972
20218425
20218903
20221875
20221877
20222197
20223973
20224153
20224516
20224675
20224709
20226042
20231165
20231333
20231355
20231368
20236386
20239311
20248348
20177000
20260461
20263306
20270750
20272728
20280925
20282138
20285623
20290270
20294829
20301153
20301163
20301425
20302200
20303338
20303880
20304906
20305028
20305641
20306976
20307202
20309723
20311652
20315243
20315266
20317335
20317819
20319225
20319581
20319752
20323134
20326812
20326901
20189378
20208224
20248715
20328975
20329021
20331951
20334055
20334373
20335246
20335286
20335571
30616192
40690670
